95005
95006
95013
95022
95029
95030
95037
95038
95045
95046
95054
95070
95085
95086
95093
95094
95101
95102
95110
95118
95133
95134
95141
95149
95166
95174
95182
95190
95197
95205
95206
95213
95214
95221
95222
95229
95237
95238
95246
95253
95254
95261
95262
95270
95277
95278
95286
95293
95294
95302
95309
95317
95318
95325
95334
95341
95342
95357
95358
95373
95374
95381
95390
95398
95405
95413
95421
95422
95430
95437
95438
95445
95446
95454
95461
95462
95470
95477
95485
95494
95501
95502
95510
95518
95526
95534
95541
95542
95549
95550
95557
95558
95566
95574
95589
95597
95598
95613
95614
95621
95629
95654
95661
95662
95669
95670
95677
95685
95694
95701
95709
95718
95733
95741
95742
95750
95757
95758
95766
95773
95774
95781
95789
95790
95797
95805
95813
95814
95822
95829
95838
95853
95854
95869
95870
95886
95893
95894
95901
95902
95910
95917
95918
95925
95933
95942
95949
95957
95958
95965
95973
95981
95982
95990
95997
96006
96021
96022
96029
96030
96038
96054
96069
96070
96077
96078
96086
96093
96094
96102
96109
96125
96133
96134
96142
96150
96157
96158
96165
96173
96182
96190
96198
96213
96221
96222
96230
96245
96246
96253
96254
96261
96269
96270
96278
96286
96294
96302
96310
96318
96325
96333
96334
96342
96358
96365
96373
96374
96382
96389
96390
96398
96405
96413
96414
96421
96422
96438
96445
96446
96461
96462
96470
96478
96493
96501
96502
96510
96518
96525
96526
96534
96542
96558
96566
96581
96582
96589
96590
96606
96614
96621
96622
96630
96646
96653
96654
96661
96662
96670
96677
96678
96685
96693
96694
96701
96709
96710
96717
96726
96733
96741
96750
96757
96758
96765
96766
96773
96789
96790
96798
96813
96814
96821
96829
96830
96837
96845
96846
96853
96854
96862
96878
96893
96894
96902
96917
96918
96925
96934
96942
96949
96950
96958
96966
96982
96989
96990
96997
96998
97006
97013
97014
97021
97030
97037
97038
97045
97046
97053
97054
97062
97069
97070
97078
97085
97093
97094
97101
97109
97117
97134
97141
97150
97157
97165
97166
97173
97174
97181
97182
97190
97205
97213
97214
97221
97222
97229
97230
97237
97253
97254
97270
97277
97278
97285
97293
97294
97309
97317
97318
97325
97326
97334
97342
97350
97366
97373
97381
97389
97406
97413
97414
97421
97422
97430
97445
97446
97453
97461
97462
97469
97477
97478
97485
97486
97494
97502
97510
97517
97534
97541
97550
97557
97558
97565
97574
97581
97582
97590
97598
97605
97606
97613
97614
97622
97630
97637
97645
97646
97653
97654
97661
97662
97669
97670
97677
97678
97685
97686
97693
97701
97702
97709
97710
97726
97733
97734
97741
97750
97757
97758
97765
97773
97774
97781
97782
97789
97790
97797
97798
97805
97814
97821
97822
97830
97837
97845
97846
97853
97854
97861
97862
97869
97870
97877
97878
97885
97886
97894
97901
97909
97910
97918
97925
97934
97949
97950
97965
97973
97974
97982
97990
97997
97998
98006
98013
98014
98021
98022
98029
98030
98038
98046
98062
98069
98070
98077
98078
98085
98086
98093
98101
98102
98109
98110
98118
98125
98133
98134
98157
98165
98166
98173
98189
98190
98197
98198
98205
98206
98213
98222
98229
98230
98237
98238
98246
98253
98254
98261
98262
98270
98277
98293
98294
98301
98309
98318
98326
98333
98342
98349
98350
98358
98365
98366
98373
98374
98381
98389
98406
98413
98414
98421
98429
98430
98437
98438
98445
98454
98462
98469
98477
98478
98485
98486
98493
98494
98501
98502
98517
98525
98541
98542
98549
98550
98557
98558
98565
98566
98573
98581
98589
98597
98598
98614
98621
98622
98630
98638
98653
98654
98661
98669
98670
98677
98685
98686
98718
98725
98726
98733
98742
98757
98758
98773
98774
98781
98782
98790
98797
98798
98805
98813
98821
98822
98829
98830
98846
98853
98862
98870
98885
98886
98893
98894
98901
98909
98910
98917
98918
98933
98941
98942
98949
98950
98957
98958
98965
98966
98982
98989
98990
98998
99013
99014
99021
99022
99029
99045
99053
99061
99062
99070
99085
99093
99117
99118
99125
99126
99134
99141
99142
99149
99165
99173
99174
99181
99205
99206
99213
99222
99229
99230
99237
99246
99253
99261
99277
99278
99293
99301
99309
99318
99326
99333
99341
99342
99349
99350
99357
99358
99365
99366
99374
99389
99390
99397
99405
99406
99414
99422
99430
99446
99453
99454
99461
99470
99477
99478
99485
99486
99494
99510
99525
99526
99533
99541
99542
99549
99550
99558
99565
99566
99573
99574
99581
99582
99589
99590
99597
99598
99606
99613
99614
99629
99638
99646
99653
99669
99670
99678
99685
99694
99702
99717
99718
99726
99733
99734
99741
99742
99757
99758
99766
99773
99774
99781
99782
99789
99798
99805
99806
99814
99821
99837
99838
99845
99846
99854
99861
99862
99869
99870
99878
99886
99894
99901
99909
99925
99933
99934
99958
99965
99973
99981
99990
99997
100006
100013
100014
100021
100029
100030
100038
100046
100053
100054
100061
100062
100069
100070
100085
100093
100101
100102
100110
100126
100133
100141
100142
100150
100157
100158
100165
100181
100182
100190
100213
100214
100229
100230
100237
100238
100245
100261
100262
100270
100278
100285
100286
100294
100302
100310
100318
100325
100326
100333
100342
100349
100358
100366
100373
100374
100382
100389
100390
100397
100398
100405
100406
100413
100414
100421
100422
100429
100438
100445
100446
100454
100462
100469
100470
100477
100486
100509
100518
100533
100541
100542
100549
100557
100565
100566
100573
100574
100581
100582
100589
100597
100598
100621
100622
100629
100630
100638
100653
100661
100669
100670
100677
100678
100693
100701
100702
100709
100710
100717
100718
100725
100726
100742
100750
100757
100765
100774
100789
100797
100798
100805
100806
100821
100829
100830
100837
100838
100846
100862
100877
100885
100886
100893
100894
100901
100902
100918
100926
100933
100941
100942
100950
100957
100958
100965
100966
100973
100974
100981
100982
100989
100997
100998
101005
101006
101013
101014
101022
101030
101037
101038
101045
101046
101053
101054
101061
101062
101077
101086
101094
101101
101117
101125
101126
101133
101134
101141
101149
101158
101174
101181
101182
101198
101205
101206
101214
101222
101229
101237
101245
101254
101261
101262
101269
101270
101278
101285
101286
101293
101301
101302
101310
101317
101318
101325
101326
101333
101334
101342
101357
101358
101366
101374
101382
101389
101397
101398
101405
101414
101421
101429
101430
101438
101445
101461
101469
101477
101478
101494
101501
101502
101509
101517
101525
101534
101542
101549
101557
101558
101565
101566
101573
101574
101581
101582
101589
101590
101597
101598
101605
101606
101613
101614
101621
101637
101653
101654
101661
101669
101670
101678
101685
101686
101693
101694
101702
101726
101733
101734
101742
101749
101758
101766
101773
101781
101782
101790
101797
101805
101806
101814
101821
101822
101830
101837
101838
101845
101846
101853
101854
101861
101869
101870
101886
101893
101894
101901
101902
101909
101910
101917
101926
101933
101934
101941
101942
101949
101957
101958
101965
101966
101973
101974
101981
101982
101989
101990
101997
102005
102006
102013
102014
102021
102022
102030
102037
102045
102046
102053
102054
102061
102069
102070
102077
102078
102086
102093
102101
102102
102110
102117
102118
102141
102142
102150
102157
102158
102165
102166
102173
102182
102189
102197
102205
102206
102213
102222
102237
102253
102261
102262
102269
102270
102277
102278
102285
102286
102293
102294
102301
102309
102310
102317
102325
102333
102341
102349
102350
102358
102365
102366
102373
102374
102381
102382
102389
102390
102398
102421
102429
102445
102446
102453
102461
102462
102485
102494
102501
102509
102510
102517
102518
102525
102526
102533
102534
102542
102549
102550
102565
102566
102573
102574
102581
102582
102589
102590
102597
102606
102613
102614
102621
102622
102629
102637
102638
102646
102661
102662
102669
102670
102677
102678
102685
102693
102702
102709
102717
102718
102725
102726
102734
102749
102750
102757
102758
102765
102766
102781
102782
102789
102790
102797
102813
102822
102830
102837
102838
102845
102853
102869
102870
102877
102878
102885
102886
102894
102901
102902
102909
102910
102917
102918
102934
102941
102942
102949
102950
102974
102982
102990
102997
102998
103006
103013
103014
103021
103022
103029
103030
103037
103038
103045
103046
103054
103061
103062
103070
103077
103085
103086
103093
103101
103102
103110
103118
103125
103133
103134
103141
103142
103157
103158
103165
103166
103181
103182
103189
103190
103206
103213
103221
103222
103229
103237
103245
103246
103253
103254
103261
103269
103270
103277
103285
103293
103294
103309
103317
103318
103325
103333
103334
103342
103349
103357
103358
103365
103366
103373
103381
103382
103389
103397
103406
103414
103421
103422
103429
103430
103438
103445
103454
103461
103470
103477
103478
103485
103501
103502
103509
103517
103534
103541
103549
103550
103557
103566
103573
103582
103589
103597
103606
103613
103614
103621
103637
103638
103645
103653
103661
103662
103669
103670
103677
103678
103686
103693
103694
103701
103710
103717
103718
103726
103734
103742
103766
103773
103774
103781
103789
103790
103797
103798
103805
103806
103829
103837
103838
103845
103853
103854
103861
103870
103877
103878
103893
103894
103902
103909
103910
103918
103925
103926
103933
103934
103941
103950
103958
103965
103966
103973
103974
103982
103989
103998
104006
104021
104022
104030
104037
104038
104045
104046
104053
104054
104061
104062
104070
104078
104085
104086
104093
104094
104101
104102
104117
104126
104133
104134
104141
104142
104149
104150
104157
104158
104165
104189
104190
104197
104198
104206
104213
104214
104221
104222
104229
104230
104238
104245
104246
104254
104261
104269
104270
104277
104278
104293
104294
104302
104309
104310
104317
104318
104325
104326
104333
104334
104341
104342
104349
104357
104358
104366
104374
104381
104382
104398
104405
104406
104413
104414
104421
104429
104446
104453
104470
104478
104486
104493
104494
104502
104509
104510
104517
104518
104525
104526
104533
104534
104541
104549
104558
104566
104574
104581
104582
104589
104590
104597
104606
104613
104614
104622
104629
104630
104637
104638
104645
104646
104661
104669
104678
104686
104694
104702
104709
104710
104717
104718
104725
104726
104733
104734
104741
104749
104750
104757
104758
104765
104766
104773
104774
104805
104813
104814
104821
104822
104829
104830
104837
104838
104845
104853
104854
104861
104869
104877
104885
104893
104901
104902
104909
104910
104918
104925
104934
104942
104949
104958
104965
104974
104981
104989
104990
104997
104998
105005
105006
105013
105014
105021
105022
105037
105046
105053
105061
105062
105069
105070
105077
105093
105094
105101
105102
105110
105117
105125
105126
105133
105141
105149
105157
105158
105165
105166
105174
105181
105182
105189
105190
105197
105198
105206
105213
105214
105222
105230
105238
105245
105254
105261
105278
105286
105309
105310
105317
105326
105333
105334
105341
105342
105358
105365
105366
105373
105374
105381
105382
105389
105390
105397
105406
105414
105421
105422
105429
105430
105438
105445
105446
105453
105454
105462
105469
105478
105485
105486
105493
105494
105501
105502
105509
105517
105518
105525
105526
105533
105557
105558
105565
105566
105581
105582
105597
105598
105605
105613
105614
105621
105630
105637
105645
105646
105653
105654
105661
105670
105701
105709
105710
105717
105718
105726
105741
105742
105749
105757
105773
105774
105789
105790
105797
105798
105805
105806
105814
105822
105829
105830
105837
105845
105853
105854
105870
105877
105886
105901
105909
105918
105926
105941
105949
105950
105966
105973
105981
105989
105990
105997
105998
106013
106014
106021
106022
106030
106037
106038
106045
106053
106061
106062
106070
106077
106085
106086
106093
106094
106102
106117
106118
106125
106126
106133
106134
106141
106142
106149
106157
106166
106181
106189
106190
106205
106206
106213
106214
106221
106230
106237
106254
106262
106269
106270
106278
106285
106286
106294
106301
106302
106309
106310
106326
106333
106334
106342
106349
106350
106357
106358
106381
106382
106389
106390
106397
106405
106413
106414
106429
106430
106437
106438
106445
106446
106453
106454
106462
106470
106477
106485
106493
106494
106501
106502
106509
106510
106517
106534
106542
106550
106557
106573
106574
106582
106589
106590
106597
106598
106606
106629
106637
106638
106645
106646
106654
106662
106669
106670
106677
106678
106686
106694
106709
106718
106725
106734
106742
106749
106750
106757
106758
106765
106766
106773
106782
106789
106790
106797
106806
106813
106837
106838
106845
106846
106853
106854
106861
106870
106877
106894
106902
106909
106933
106934
106942
106949
106965
106981
106998
107005
107006
107013
107014
107022
107030
107037
107046
107053
107054
107061
107062
107070
107077
107078
107085
107093
107094
107101
107117
107125
107133
107134
107141
107142
107150
107157
107158
107165
107174
107181
107182
107189
107205
107206
107213
107221
107222
107245
107246
107253
107254
107262
107278
107285
107286
107293
107301
107302
107309
107317
107318
107326
107333
107342
107349
107357
107358
107366
107373
107381
107382
107389
107397
107405
107413
107429
107430
107438
107445
107453
107462
107470
107485
107494
107501
107502
107509
107510
107517
107518
107533
107541
107550
107558
107566
107581
107582
107589
107597
107598
107605
107622
107629
107637
107645
107653
107654
107661
107662
107670
107677
107678
107693
107701
107709
107710
107717
107725
107726
107734
107741
107749
107757
107758
107766
107774
107781
107782
107790
107797
107798
107805
107806
107813
107814
107821
107829
107837
107845
107854
107861
107862
107869
107878
107885
107886
107893
107901
107910
107917
107933
107934
107941
107949
107950
107957
107958
107974
107982
107989
107990
107997
107998
108005
108006
108013
108021
108029
108037
108045
108061
108062
108069
108070
108078
108086
108101
108102
108109
108110
108118
108125
108126
108134
108149
108150
108157
108165
108166
108173
108174
108181
108182
108190
108197
108198
108206
108213
108214
108221
108229
108230
108237
108245
108246
108254
108270
108277
108285
108286
108293
108294
108301
108309
108317
108325
108333
108334
108341
108342
108349
108358
108373
108374
108381
108390
108398
108405
108406
108413
108421
108422
108430
108446
108453
108461
108462
108469
108470
108477
108485
108494
108501
108502
108518
108525
108541
108542
108558
108565
108566
108573
108574
108582
108597
108605
108606
108613
108621
108622
108629
108637
108638
108646
108653
108654
108661
108662
108670
108677
108678
108685
108686
108693
108694
108701
108702
108709
108710
108718
108726
108733
108734
108741
108742
108749
108750
108757
108758
108765
108766
108773
108774
108781
108782
108790
108798
108805
108806
108813
108814
108821
108837
108838
108845
108877
108894
108902
108909
108910
108917
108925
108941
108949
108950
108957
108958
108981
108989
109005
109014
109021
109022
109029
109037
109038
109045
109053
109062
109069
109070
109077
109078
109085
109086
109093
109094
109101
109102
109117
109118
109125
109126
109133
109134
109141
109142
109150
109157
109158
109166
109173
109174
109181
109182
109189
109190
109197
109205
109206
109213
109214
109229
109230
109237
109238
109246
109253
109254
109262
109269
109277
109285
109286
109293
109302
109309
109318
109325
109334
109341
109342
109357
109373
109374
109381
109382
109397
109398
109405
109406
109414
109430
109437
109438
109453
109462
109477
109493
109494
109501
109510
109525
109526
109542
109549
109558
109565
109566
109581
109582
109589
109590
109598
109606
109614
109621
109622
109630
109638
109646
109653
109654
109662
109669
109670
109678
109685
109693
109701
109702
109710
109718
109725
109734
109741
109750
109757
109765
109766
109781
109782
109789
109790
109797
109806
109821
109830
109837
109838
109846
109853
109854
109861
109862
109869
109885
109886
109894
109902
109909
109910
109917
109918
109926
109933
109941
109942
109949
109950
109957
109958
109966
109973
109981
109982
109990
109997
109998
110013
110014
110021
110022
110029
110030
110038
110045
110046
110053
110054
110062
110069
110070
110077
110078
110085
110086
110093
110102
110110
110117
110125
110133
110134
110141
110149
110158
110165
110181
110182
110189
110197
110198
110205
110206
110213
110214
110221
110222
110237
110238
110262
110277
110278
110285
110286
110302
110318
110326
110333
110334
110349
110357
110358
110365
110366
110373
110374
110381
110397
110398
110406
110413
110414
110421
110429
110438
110445
110454
110461
110469
110477
110486
110493
110494
110501
110509
110510
110517
110518
110525
110526
110533
110534
110542
110550
110557
110558
110565
110566
110574
110581
110582
110590
110598
110605
110606
110613
110614
110622
110629
110637
110638
110645
110646
110654
110662
110670
110694
110702
110709
110710
110717
110718
110725
110733
110734
110741
110742
110765
110766
110782
110790
110798
110813
110821
110822
110830
110845
110846
110853
110854
110861
110862
110870
110885
110893
110894
110901
110902
110917
110925
110926
110933
110941
110942
110950
110958
110965
110966
110973
110981
110989
110990
110997
